$GNRMC,020752.00,A,3032.61486,N,10403.53046,E,0.028,,050717,,,D,V*10
$GNGGA,020752.00,3032.61486,N,10403.53046,E,2,11,1.16,489.0,M,-29.8,M,,0000*63
$GNGSA,A,3,27,50,42,08,07,11,,,,,,,2.61,1.16,2.34,1*0E
$GNGSA,A,3,13,01,03,07,08,,,,,,,,2.61,1.16,2.34,4*0D
$GPGSV,4,1,13,01,08,172,,04,09,118,31,07,43,323,30,08,86,099,36,0*6A
$GPGSV,4,2,13,09,48,254,25,11,31,174,39,16,25,056,,26,04,073,29,0*66
$GPGSV,4,3,13,27,49,043,43,28,06,265,33,30,10,311,41,42,33,120,40,0*60
$GPGSV,4,4,13,50,33,120,40,0*55
$BDGSV,3,1,12,01,38,123,43,02,47,215,,03,55,167,42,04,21,108,31,0*76
$BDGSV,3,2,12,05,29,242,,06,05,179,,07,59,056,42,08,52,152,42,0*71
$BDGSV,3,3,12,09,20,201,,10,64,351,16,13,34,180,38,17,37,074,,0*7A
$GNTXT,1,1,01,ANTENNA OK*2B
